624059596
145454498
468981200
926204030
667923450
385704925
830047180
309056011
949677751
239151949
133474210
930676442
367504550
706436974
355390056
812776137
349501816
900382375
863328963
159711070
897461912
775339007
241747772
904350387
673623190
576156292
944166182
557503473
317146131
338826346
175339479
303644322
376669680
868182947
42653491
510027492
636017359
690494567
658531418
22002446
693995390
127385629
389750477
160690327
953158595
714611689
394096359
566826380
766033337
464858565
602386904
108302656
584858946
694710855
532365023
773667789
464522638
352018168
115974785
530479654
686636395
701675000
92948051
376784458
680262783
55834368
885234680
886978669
346425537
74405191
275937071
103270773
757669502
61104126
382535587
646563581
523621967
978375081
569327226
841608230
230487924
247996923
95420095
47840098
674651215
563227804
175347123
562586759
415758355
668707126
789774184
985972607
914506478
333284047
265327442
765209415
399790497
484510886
224562412
989127724
577259637
809195701
65686541
824161542
328201619
888503410
175033269
579087249
839111655
635521613
695563556
889520475
816096881
473366635
507902569
213529298
418674824
62391311
581724377
578890238
557316016
749796778
359655463
530096001
904094027
236193732
890520806
268211910
393496989
498639154
907347010
190793771
590969132
325560067
130264288
812580006
759258036
238778506
918291696
590664838
26598211
584054094
61066157
767665621
402372415
130679992
599887250
469461867
230929871
530296009
380183760
304573376
355422548
539837187
721782552
750454845
119611057
610964377
823962794
339834396
718662908
613808808
892306756
391991922
84269913
885194762
399611880
376995657
688705213
595467869
840377864
276741364
680604021
299311093
716262628
942850707
178676145
886943807
546581833
840692607
632724081
788028590
739914527
346290199
330514431
97531423
66991539
969644821
265620581
306274240
16139657
340762533
999623140
491094322
229168988
110689535
313804285
920738141
30788873
301025930
434481881
739043210
75613285
121776234
212350571
209423671
767751141
438845190
246288826
207119832
10319768
744970158
54370566
193190041
174840279
623169655
62836429
993263191
762148084
491757040
486348249
269255061
680610529
221748513
442116871
440320195
813031670
853957777
626749312
578975592
640287916
928953788
942062153
477613270
269933710
108394174
904621428
795171452
722815490
598939367
500792621
805027549
21217235
97892164
452027863
913154605
858638276
903681372
853529289
318457013
155913754
220501949
918279868
895358521
679708684
908274848
967716770
892670232
605077461
563224567
373095148
402084521
112658972
492170979
958093339
950543580
378995654
263451855
365644809
625128639
268985574
194265538
552762631
782964213
298926383
345059726
841009679
710617255
649994067
22319157
32133544
351004295
174700197
145700733
664271094
663254714
573335218
371600868
836127106
361763450
839307132
892189214
764634574
492951227
129670986
879494488
221445628
904923644
508667886
878174499
21249239
597871442
708248686
215222296
157079685
496759985
583493993
593185283
234423867
374012540
52084002
274508780
595651322
695985105
746921330
873123868
783338211
525205154
596805875
755019942
52239224
968946400
161232872
674629035
82861291
653598442
561453930
542857703
883591676
63731531
92139406
926911954
778337384
766829272
983709751
837709343
649318991
721804481
577063981
816283906
301417459
287054800
753446237
564300706
190151018
698606889
786839564
587798607
830542990
123489749
947573556
74437528
607489298
47367474
541942040
928586182
202540972
863984578
701949130
166155794
670346452
18816546
402729567
646565592
214939679
173718854
767172522
699034674
401522830
353336227
749407179
525799491
12273912
861746948
719573121
787013734
182976261
162883721
453157029
988550847
450465858
787162283
378201069
851146948
112110665
640540670
397465517
686777924
256298461
275714857
45135405
291773907
324019462
759755235
26493686
623864948
6301416
297279408
852918212
305041663
297015780
87868773
368291781
399579018
651689048
248535524
406655047
106913403
367493101
15072637
932089734
850170051
28419478
471443152
52044678
565220028
38146266
538110506
702422249
509828272
917833721
348489038
187659024
425193131
158910598
694636671
949070088
968196054
889589344
823343402
23284628
890796849
767410463
176774387
371611726
101965699
428637321
884954592
671339113
589981931
966438318
782668294
105978764
912604501
551000242
222730585
415113853
743914808
97254597
434004354
78745197
534199020
245572766
492880571
899374849
319356186
681615838
982027647
509975528
891990523
557798443
17685930
123276775
113515102
281458326
792699568
52426720
381062551
465275128
396862263
612494542
835356967
286443787
10451810
97823470
186170474
36406899
230523661
320984199
443038502
743382363
212653854
546569811
653638795
176497136
962221867
280206819
555463153
85069432
68633921
377625035
392989446
906550516
164241869
528670919
15377408
158568691
803350417
673738
997058974
78622500
753387924
189731009
526231167
710275884
879497103
567304308
402272669
514683911
475187745
642816948
746432299
525754690
711327590
757382235
178715303
901017332
653094933
797736289
47019219
422565186
677540856
648747450
81891106
425616502
84984214
470106081
926549610
209044007
856457396
355559968
627632719
161327426
89551987
444906751
722711258
936745414
556778752
85169974
639003196
164313690
228349008
869428134
444260730
277388609
110530528
960708655
253363798
128778106
819288452
172054881
696028058
977223363
755193394
46310451
764036247
514954453
937619978
177742861
596593908
520211301
612885303
890096109
368934180
390987730
294504047
211572071
727252759
996382666
924969200
503472188
741262208
54215200
545606908
370443718
74379032
353467182
972842252
647291690
201870302
522785748
691297689
485061581
519801932
561106017
995446520
196634636
260073998
115619851
202845250
398171431
215619301
19363369
575517836
293129975
478734365
830628694
223394158
494162386
834346673
380489728
333656556
506869211
431701754
305405272
537006635
367946992
575558981
495767244
308445105
484578678
922286382
154142041
511066777
194174840
12462754
684364202
454290735
758116034
554577918
917899356
280341284
829023973
695276929
337799580
521205200
445632663
717656388
333726122
890527069
9181336
399824135
74369685
751777768
798239027
883749588
189902916
752204920
593238464
43720058
777401144
280835036
981426125
999129392
758878794
598440709
31717359
709274140
699165157
125093913
808885015
82563329
512161041
762041829
37871186
153349504
924099235
478736121
491442768
65973542
967604811
443365709
244413982
828771343
230820994
466148486
792739161
951037562
624921352
453141169
953700087
670371273
300199658
943605890
895065380
933540453
574657176
127398268
932240609
298188362
143411372
975698429
664948628
792969669
225252497
663334749
388815041
853485361
686120250
460411763
698554988
90655481
982338090
358188207
665601377
557513047
868562416
167625225
337225317
841333177
492838834
381111509
103727167
333722618
811336538
772188187
191177231
957618341
171946806
59754565
640683897
433150596
690445605
271730565
439100720
995684876
808219262
439062400
411588941
196336502
855973655
750451018
487925906
269722171
530440055
468838431
545741108
160053084
785993402
279070408
72240809
556608837
448772722
175265275
159902362
543572850
968304441
895042321
707112718
85750562
630197884
843863907
303122572
448996713
263215298
960769632
301697839
234668443
617784425
291231537
527174140
619935083
228255057
835451858
6634125
993603697
632085167
829456150
788914448
500013955
16228670
628028744
823793184
201647206
864529383
922125115
415875287
557237078
294200581
99586617
14286887
104169814
249409125
656636519
627549506
745037976
103841346
648635151
984611232
50106880
619822933
454912607
293143101
57882148
324670996
999631963
272878973
147220641
585944948
634409965
758362953
421769941
622268686
188477204
713466105
991727915
198934221
297740955
251233141
151902975
827360449
632693207
489895555
53658519
613064501
252544878
636028497
804925628
665080904
269772574
240683569
938347585
131853583
505799286
381073438
377072572
430460862
320130615
955844308
671958411
840048897
804300397
981265856
450997248
499028573
170477335
594911814
496509944
261398810
61362193
499688583
913853506
34091374
318947639
771899711
879654814
183159714
407638715
203995763
446690922
666153640
957946462
673943568
472498643
431336414
287332390
290384047
987754819
556784382
805043757
950040372
208370526
77330828
713709070
928805164
727028470
981853213
716909894
881152762
617799369
876440049
105833230
658928982
892239541
854297198
507834149
577373584
373484622
556647887
266989045
400072472
967912395
618931383
548050658
464851179
430282224
689188862
277968295
555194297
591966895
58672190
504779695
443381259
838012496
596780305
983597275
348931406
183843237
765744682
954857784
351714883
285884053
733151001
673645196
550609942
683961196
852374453
480696833
280768942
465607951
993468446
941088356
739084587
550717270
6336348
943525632
847346693
697883674
420392416
294854759
541646789
704964360
245581219
968666417
459218058
329374387
636942233
258863665
882145340
26498312
861633189
58758693
238105112
563966242
191017903
784032395
441323234
413552891
664525444
147133012
521406185
360805570
732393906
374938175
996965910
583868457
937645566
483517377
726777750
53348195
931213334
978080013
268031416
726606228
82480570
477612029
918124521
973123004
254529990
439938715
504336637
549143424
736240075
183057036
415134173
311054451
660312032
356135251
541004124
77414982
692163920
182583063
469951959
360439486
430818103
863130721
209679381
396513067
403388070
892933878
460053733
14526858
697277161
718412969
596648958
305105794
261162212
571601987
327367433
308419555
866088075
608870198
617698000
103729451
947491619
385313297
263564734
682369469
953271547
978644853
819288280
77197291
261222440
529028260
599968170
992407277
481150361
234596051
309916575
561548720